1 2020 1 30 0 27.064 9.9486
2 2020 1 30 0 26.85 9.8609
3 2020 1 30 0 26.977 10.152
4 2020 1 30 0 27.159 9.7763
5 2020 1 30 0 26.714 9.5637
6 2020 1 30 0 26.729 9.886
7 2020 1 30 0 26.852 10.104
8 2020 1 30 0 27.194 9.7966
9 2020 1 30 0 26.984 9.7554
10 2020 1 30 0 26.9 9.716
11 2020 1 30 0 26.632 11.164
12 2020 1 30 0 26.655 11.189
13 2020 1 30 0 26.691 11.025
14 2020 1 30 0 26.808 10.604
15 2020 1 30 0 26.683 10.898
16 2020 1 30 0 26.714 10.745
17 2020 1 30 0 26.779 10.495
18 2020 1 30 0 26.718 11.198
19 2020 1 30 0 24.064 8.0039
20 2020 1 30 0 26.791 8.911
21 2020 1 30 0 24.31 8.2555
22 2020 1 30 0 24.167 8.1331
23 2020 1 30 0 24.9 8.1339
24 2020 1 30 0 26.033 8.608
25 2020 1 30 0 24.579 8.4873
26 2020 1 30 0 25.882 8.2313
27 2020 1 30 0 25.549 8.5894
28 2020 1 30 0 24.89 8.0299
29 2020 1 30 0 27.187 9.2123
30 2020 1 30 0 26.02 9.343
31 2020 1 30 0 25.347 8.1314
32 2020 1 30 0 26.874 9.6814
33 2020 1 30 0 27.007 11.265
34 2020 1 30 0 26.856 11.052
35 2020 1 30 0 27.186 11.404
36 2020 1 30 0 27.158 11.281
37 2020 1 30 0 26.891 10.796
38 2020 1 30 0 27.129 11.626
39 2020 1 30 0 27.312 11.906
40 2020 1 30 0 27.01 11.011
41 2020 1 30 0 27.329 11.716
42 2020 1 30 0 26.995 11.183
43 2020 1 30 0 27.156 11.352
44 2020 1 30 0 27.125 11.282
45 2020 1 30 0 27.135 11.212
46 2020 1 30 0 27.079 11.21
47 2020 1 30 0 27.33 11.403
48 2020 1 30 0 27.363 11.381
49 2020 1 30 0 27.08 11.259
51 2020 1 30 0 27.014 10.137
52 2020 1 30 0 26.83 10.643
53 2020 1 30 0 27.115 9.8128
54 2020 1 30 0 27.051 10.06
55 2020 1 30 0 26.091 12.391
56 2020 1 30 0 26.326 12.114
57 2020 1 30 0 25.938 12.512
58 2020 1 30 0 26.339 11.691
59 2020 1 30 0 26.224 12.265
60 2020 1 30 0 25.935 12.381
61 2020 1 30 0 26.966 12.457
62 2020 1 30 0 26.995 11.506
63 2020 1 30 0 27.106 12.225
64 2020 1 30 0 26.932 12.523
65 2020 1 30 0 27.422 12.005
66 2020 1 30 0 26.355 12.957
67 2020 1 30 0 26.817 12.637
68 2020 1 30 0 27.334 11.846
69 2020 1 30 0 26.908 12.588
70 2020 1 30 0 27.109 11.477
71 2020 1 30 0 26.082 11.855
72 2020 1 30 0 26.138 11.69
73 2020 1 30 0 26.446 10.705
74 2020 1 30 0 26.135 11.693
75 2020 1 30 0 26.187 11.52
76 2020 1 30 0.17537 26.092 11.828
77 2020 1 30 0 26.073 11.88
78 2020 1 30 0 26.07 11.926
79 2020 1 30 0 26.095 11.816
80 2020 1 30 0 26.878 9.7584
81 2020 1 30 0 26.88 10.335
82 2020 1 30 0 26.965 11.308
83 2020 1 30 0 26.781 11.084
84 2020 1 30 0 26.729 11.001
85 2020 1 30 0 26.659 11.047
86 2020 1 30 0 26.786 10.542
87 2020 1 30 0 26.786 10.633
88 2020 1 30 0 26.669 10.953
89 2020 1 30 0 26.808 11.214
90 2020 1 30 0 26.744 10.703
91 2020 1 30 0 27.039 9.5851
92 2020 1 30 0 27.151 9.6587
93 2020 1 30 0 27.21 9.775
94 2020 1 30 0 27.111 9.7387
95 2020 1 30 0 25.748 8.6347
96 2020 1 30 0 25.072 8.5747
97 2020 1 30 0 26.225 8.6513
98 2020 1 30 0 25.96 9.16
99 2020 1 30 0 26.636 9.8073
100 2020 1 30 0 26.565 9.1521
102 2020 1 30 0 27.382 12.106
103 2020 1 30 0 27.078 12.002
104 2020 1 30 0 27.082 11.931
105 2020 1 30 0 27.542 12.286
106 2020 1 30 0 26.92 11.909
107 2020 1 30 0 27.306 11.706
109 2020 1 30 0 27.319 12.356
110 2020 1 30 0 27.331 11.964
111 2020 1 30 0 27.26 12.115
112 2020 1 30 0 27.351 12.595
113 2020 1 30 0 27.074 11.328
114 2020 1 30 0 27.15 11.402
115 2020 1 30 0 26.974 11.354
116 2020 1 30 0 26.968 11.451
117 2020 1 30 0 27.052 11.34
118 2020 1 30 0 27.336 11.438
119 2020 1 30 0 27.259 11.466
120 2020 1 30 0 26.095 8.5576
121 2020 1 30 0 26.623 9.1087
122 2020 1 30 0 26.468 8.863
123 2020 1 30 0 27.036 8.9625
124 2020 1 30 0 27.074 9.1452
125 2020 1 30 0 27.282 9.5084
126 2020 1 30 0 27.278 9.05
127 2020 1 30 0 25.504 7.9839
128 2020 1 30 0 25.752 8.1467
129 2020 1 30 0 26.173 12.648
130 2020 1 30 0 25.994 13.057
131 2020 1 30 0 26.042 12.755
132 2020 1 30 0 27.159 10.738
133 2020 1 30 0 26.653 12.488
134 2020 1 30 0 27.073 11.125
135 2020 1 30 0 26.402 12.266
136 2020 1 30 0 27.506 10.057
137 2020 1 30 0 26.884 11.774
138 2020 1 30 0 27.264 10.917
139 2020 1 30 0 26.702 11.619
140 2020 1 30 0 26.533 11.799
141 2020 1 30 0 26.245 12.575
142 2020 1 30 0 27.433 9.288
143 2020 1 30 0 26.416 10.32
144 2020 1 30 0 25.502 9.6341
145 2020 1 30 0 24.279 8.7877
146 2020 1 30 0 23.773 7.865
147 2020 1 30 0 26.957 10.516
148 2020 1 30 0 26.859 10.792
149 2020 1 30 0 24.845 9.2182
150 2020 1 30 0 24.37 9.2236
151 2020 1 30 0 27.192 11.312
152 2020 1 30 0 27.304 11.898
153 2020 1 30 0 27.167 11.273
154 2020 1 30 0 27.291 11.519
155 2020 1 30 0 27.279 12.113
156 2020 1 30 0 27.362 11.957
157 2020 1 30 0 27.346 11.671
158 2020 1 30 0 27.148 11.25
159 2020 1 30 0 27.295 11.532
160 2020 1 30 0 27.492 12.165
161 2020 1 30 0 27.163 9.8086
162 2020 1 30 0 26.795 9.5673
164 2020 1 30 0 27.057 10.148
165 2020 1 30 0 26.863 9.7804
166 2020 1 30 0 26.777 9.6862
167 2020 1 30 0 26.871 10.142
168 2020 1 30 0 26.955 9.6377
169 2020 1 30 0 26.948 10.18
170 2020 1 30 0 26.879 9.8038
171 2020 1 30 0 27.176 12.308
172 2020 1 30 0 27.207 12.636
173 2020 1 30 0 27.204 12.739
174 2020 1 30 0 26.771 11.31
175 2020 1 30 0 26.875 11.629
176 2020 1 30 0 26.951 11.305
177 2020 1 30 0 26.837 11.349
178 2020 1 30 0 26.735 11.133
179 2020 1 30 0 26.815 11.255
180 2020 1 30 0 26.9 11.683
181 2020 1 30 0 26.893 11.437
182 2020 1 30 0 27.384 12.422
183 2020 1 30 0 27.315 12.862
184 2020 1 30 0 27.437 12.906
185 2020 1 30 0 27.426 12.711
186 2020 1 30 0 27.347 12.519
187 2020 1 30 0 27.441 12.682
188 2020 1 30 0 27.628 12.555
189 2020 1 30 0 27.36 12.596
190 2020 1 30 0 27.427 12.572
191 2020 1 30 0 27.276 12.239
192 2020 1 30 0 27.261 12.605
195 2020 1 30 0 25.921 12.368
196 2020 1 30 0 26 12.048
197 2020 1 30 0 25.971 12.131
198 2020 1 30 0 26.011 11.981
199 2020 1 30 0 26.63 10.802
200 2020 1 30 0 26.4 10.904
201 2020 1 30 0 26.437 11.13
202 2020 1 30 0 26.64 11.265
203 2020 1 30 0 26.94 10.542
204 2020 1 30 0 26.879 11.053
205 2020 1 30 0 25.553 10
206 2020 1 30 0 26.86 10.911
207 2020 1 30 0.29531 26.88 10.99
208 2020 1 30 0 26.48 10.668
209 2020 1 30 0 26.658 10.714
210 2020 1 30 0 26.988 11.369
211 2020 1 30 0 26.95 11.587
212 2020 1 30 0 26.97 11.478
213 2020 1 30 0 26.887 11.71
214 2020 1 30 0 26.945 11.905
215 2020 1 30 0 26.925 11.732
216 2020 1 30 0 27.121 10.457
217 2020 1 30 0 27.499 9.82
218 2020 1 30 0 26.847 10.836
219 2020 1 30 0 26.964 10.916
220 2020 1 30 0 27.052 10.976
221 2020 1 30 0 27.067 10.985
222 2020 1 30 0 27.049 10.735
223 2020 1 30 0 27.418 9.9626
224 2020 1 30 0 27.308 10.543
225 2020 1 30 0.10077 27.109 10.839
226 2020 1 30 0 27.194 10.784
227 2020 1 30 0 27.093 11.281
228 2020 1 30 0 27.307 11.446
229 2020 1 30 0 27.561 11.56
230 2020 1 30 0 27.515 11.606
231 2020 1 30 0 27.053 11.259
232 2020 1 30 0 27.612 11.739
233 2020 1 30 0 27.039 11.324
234 2020 1 30 0 26.981 11.07
235 2020 1 30 0.22317 26.934 11.05
236 2020 1 30 0.2002 27.161 11.351
237 2020 1 30 0 27.17 11.242
238 2020 1 30 0.46053 27.006 11.187
239 2020 1 30 0 26.711 9.6595
240 2020 1 30 0.11704 27.273 10.273
241 2020 1 30 0 26.929 9.9729
242 2020 1 30 1.0019 27.187 10.497
243 2020 1 30 1.2768 27.029 10.41
244 2020 1 30 0.24703 27.101 9.9358
245 2020 1 30 0 26.958 9.5718
246 2020 1 30 0.36496 26.956 9.9979
247 2020 1 30 0 27.098 9.4108
248 2020 1 30 0 26.773 9.1858
249 2020 1 30 0 27.097 9.1177
250 2020 1 30 0 26.704 9.2766
251 2020 1 30 0 27.404 9.0994
252 2020 1 30 0 26.885 9.3388
0 2020 1 30 0 26.611 10.47